%% ----------------------------
%% 18 Oct 2017 10:09:04am
fs = 44100;
numTappers = 4;

% Trial: 0
x_0 = [
NaN  44100 44100 44100;
NaN  88200 88200 88200;
NaN  132300 132300 132300;
NaN  176400 176400 176400;
NaN  220500 220500 220500;
220672 264600 264600 264600;
NaN  287768 287768 287768;
302848 309904 309904 309904;
333568 365148 365148 365148;
NaN  396340 396340 396340;
401280 424650 424650 424650;
429952 453810 453810 453810;
455424 482565 482565 482565;
484224 518993 518993 518993;
548864 561015 561015 561015;
594560 608384 608384 608384;
NaN  632196 632196 632196;
645248 669384 669384 669384;
671744 704704 704704 704704;
707712 745740 745740 745740;
NaN  777666 777666 777666;
NaN  802752 802752 802752;
NaN  827838 827838 827838;
NaN  852924 852924 852924;
NaN  878010 878010 878010;
NaN  903096 903096 903096;
NaN  928182 928182 928182;
NaN  953268 953268 953268;
978304 978354 978354 978354;
1001216 1013725 1013725 1013725;
1031552 1059660 1059660 1059660;
1060864 1111702 1111702 1111702;
1114752 1139541 1139541 1139541;
NaN  1173085 1173085 1173085;
NaN  1204790 1204790 1204790;
NaN  1236495 1236495 1236495;
NaN  1268200 1268200 1268200;
NaN  1299905 1299905 1299905;
1304064 1331610 1331610 1331610;
1333248 1364715 1364715 1364715;
NaN  1389934 1389934 1389934;
1397120 1418300 1418300 1418300;
NaN  1440930 1440930 1440930;
];

% Trial: 1
x_1=[
];
%% ----------------------------

%% ----------------------------
%% 18 Oct 2017 11:17:49am
fs = 44100;
numTappers = 4;

% Trial: 0
x_0 = [
NaN  44100 44100 44100;
NaN  88200 88200 88200;
NaN  132300 132300 132300;
NaN  176400 176400 176400;
NaN  220500 220500 220500;
259712 264600 264600 264600;
288000 305277 305277 305277;
308608 338976 338976 338976;
348160 369567 369567 369567;
384896 419590 419590 419590;
423296 446930 446930 446930;
462976 500832 500832 500832;
503552 524082 524082 524082;
543488 546611 546611 546611;
NaN  569231 569231 569231;
];

% Trial: 1
x_1=[
];
%% ----------------------------

%% ----------------------------
%% 18 Oct 2017 11:23:20am
fs = 44100;
numTappers = 4;

% Trial: 0
x_0 = [
];
%% ----------------------------

%% ----------------------------
%% 18 Oct 2017 11:24:11am
fs = 44100;
numTappers = 4;

% Trial: 0
x_0 = [
NaN  44100 44100 44100;
NaN  88200 88200 88200;
NaN  132300 132300 132300;
NaN  176400 176400 176400;
NaN  220500 220500 220500;
221056 264600 264600 264600;
NaN  298926 298926 298926;
306176 332140 332140 332140;
NaN  376090 376090 376090;
NaN  413699 413699 413699;
NaN  451308 451308 451308;
NaN  488917 488917 488917;
NaN  526526 526526 526526;
531840 564135 564135 564135;
565504 612442 612442 612442;
NaN  647300 647300 647300;
652160 679665 679665 679665;
687104 707237 707237 707237;
719232 742254 742254 742254;
];

% Trial: 1
x_1=[
];
%% ----------------------------

%% ----------------------------
%% 18 Oct 2017 11:26:09am
fs = 44100;
numTappers = 4;

% Trial: 0
x_0 = [
NaN  44100 44100 44100;
NaN  88200 88200 88200;
NaN  132300 132300 132300;
NaN  176400 176400 176400;
NaN  220500 220500 220500;
221184 264600 264600 264600;
NaN  299214 299214 299214;
305408 332460 332460 332460;
340224 373370 373370 373370;
379520 429756 429756 429756;
NaN  473115 473115 473115;
NaN  504656 504656 504656;
NaN  536197 536197 536197;
NaN  567738 567738 567738;
573568 599279 599279 599279;
603776 640424 640424 640424;
NaN  663822 663822 663822;
675456 698760 698760 698760;
700672 727206 727206 727206;
732544 749320 749320 749320;
763136 798120 798120 798120;
NaN  848496 848496 848496;
];

% Trial: 1
x_1=[
];
%% ----------------------------

%% ----------------------------
%% 18 Oct 2017 11:34:34am
fs = 44100;
numTappers = 4;

% Trial: 0
x_0 = [
NaN  44100 44100 44100;
NaN  88200 88200 88200;
NaN  132300 132300 132300;
NaN  176400 176400 176400;
NaN  220500 220500 220500;
NaN  264600 264600 264600;
NaN  308700 308700 308700;
NaN  352800 352800 352800;
NaN  396900 396900 396900;
NaN  441000 441000 441000;
NaN  485100 485100 485100;
NaN  529200 529200 529200;
NaN  573300 573300 573300;
NaN  617400 617400 617400;
NaN  661500 661500 661500;
NaN  705600 705600 705600;
NaN  749700 749700 749700;
NaN  793800 793800 793800;
NaN  837900 837900 837900;
876928 882000 882000 882000;
NaN  942304 942304 942304;
NaN  985136 985136 985136;
NaN  1027968 1027968 1027968;
];

% Trial: 1
x_1=[
];
%% ----------------------------

%% ----------------------------
%% 18 Oct 2017 12:01:44pm
fs = 44100;
numTappers = 4;

% Trial: 0
x_0 = [
NaN  44100 44100 44100;
NaN  88200 88200 88200;
NaN  132300 132300 132300;
NaN  176400 176400 176400;
NaN  220500 220500 220500;
NaN  264600 264600 264600;
NaN  308700 308700 308700;
NaN  352800 352800 352800;
NaN  396900 396900 396900;
NaN  441000 441000 441000;
NaN  485100 485100 485100;
NaN  529200 529200 529200;
NaN  573300 573300 573300;
577408 617400 617400 617400;
NaN  647938 647938 647938;
656000 682040 682040 682040;
682752 714210 714210 714210;
746240 760935 760935 760935;
792960 808520 808520 808520;
832768 844410 844410 844410;
NaN  906158 906158 906158;
];

% Trial: 1
x_1=[
];
%% ----------------------------

%% ----------------------------
%% 19 Oct 2017 3:02:55pm
fs = 44100;
numTappers = 4;

% Trial: 0
x_0 = [
NaN  44100 44100 44100;
NaN  88200 88200 88200;
NaN  132300 132300 132300;
NaN  176400 176400 176400;
NaN  220500 220500 220500;
221568 264600 264600 264600;
NaN  300078 300078 300078;
302464 333420 333420 333420;
338688 363610 363610 363610;
370048 416559 416559 416559;
NaN  454608 454608 454608;
456576 487080 487080 487080;
493056 510636 510636 510636;
524288 555870 555870 555870;
557440 579264 579264 579264;
592768 618304 618304 618304;
];

% Trial: 1
x_1=[
];
%% ----------------------------

%% ----------------------------
%% 19 Oct 2017 3:28:06pm
fs = 44100;
numTappers = 4;

% Trial: 0
x_0 = [
NaN  44100 44100 44100;
NaN  88200 88200 88200;
NaN  132300 132300 132300;
NaN  176400 176400 176400;
219520 220500 220500 220500;
257920 266070 266070 266070;
306176 322959 322959 322959;
370176 386360 386360 386360;
NaN  433314 433314 433314;
438400 481460 481460 481460;
487680 548650 548650 548650;
NaN  593420 593420 593420;
601728 652762 652762 652762;
NaN  682296 682296 682296;
NaN  739154 739154 739154;
740096 796012 796012 796012;
797824 871185 871185 871185;
NaN  936600 936600 936600;
];

% Trial: 1
x_1=[
];
%% ----------------------------

