%% ----------------------------
%% 9 Nov 2017 10:33:27pm
fs = 44100;
numTappers = 4;

% Trial: 0
x_0 = [
NaN  22050 22050 22050;
NaN  66150 66150 66150;
NaN  110250 110250 110250;
NaN  154350 154350 154350;
NaN  198450 198450 198450;
199936 242550 242550 242550;
NaN  265343 265343 265343;
NaN  288136 288136 288136;
302848 310929 310929 310929;
NaN  350988 350988 350988;
355200 391047 391047 391047;
395904 417223 417223 417223;
432512 450663 450663 450663;
];

% Trial: 1
x_1=[
];
%% ----------------------------

