%% 10 Nov 2017 10:16:59am
fs = 44100;
numTappers = 4;

% Trial: 0
x_0 = [
NaN  22050 22050 22050;
NaN  66150 66150 66150;
NaN  110250 110250 110250;
160768 154350 154350 154350;
196992 201659 201659 201659;
239104 243425 243425 243425;
281600 285364 285364 285364;
330368 327582 327582 327582;
369792 373075 373075 373075;
413696 415533 415533 415533;
456320 458714 458714 458714;
505344 501617 501617 501617;
554752 547580 547580 547580;
600960 595266 595266 595266;
650240 642213 642213 642213;
697984 690326 690326 690326;
744448 738255 738255 738255;
792320 785451 785451 785451;
840960 832985 832985 832985;
];

% Trial: 1
x_1=[
];
%% ----------------------------

%% ----------------------------
%% 10 Nov 2017 10:33:52am
fs = 44100;
numTappers = 4;

% Trial: 0
x_0 = [
NaN  22050 22050 22050;
NaN  66150 66150 66150;
NaN  110250 110250 110250;
NaN  154350 154350 154350;
205184 198450 198450 198450;
247296 245917 245917 245917;
296704 290706 290706 290706;
345088 337805 337805 337805;
392320 385546 385546 385546;
439680 433033 433033 433033;
486784 480456 480456 480456;
533120 527720 527720 527720;
581120 574520 574520 574520;
626304 621920 621920 621920;
674176 668212 668212 668212;
718336 715294 715294 715294;
757504 760915 760915 760915;
807936 803309 803309 803309;
852480 849722 849722 849722;
897280 895201 895201 895201;
945408 940340 940340 940340;
990592 986974 986974 986974;
1037440 1032883 1032883 1032883;
1081472 1079261 1079261 1079261;
1124864 1124466 1124466 1124466;
];

% Trial: 1
x_1=[
];
%% ----------------------------

%% ----------------------------
%% 10 Nov 2017 10:40:11am
fs = 44100;
numTappers = 4;

% Trial: 0
x_0 = [
NaN  22050 22050 22050;
NaN  66150 66150 66150;
NaN  110250 110250 110250;
NaN  154350 154350 154350;
209024 198450 198450 198450;
263936 250480 250480 250480;
317312 304672 304672 304672;
372736 358252 358252 358252;
427264 413215 413215 413215;
481408 467851 467851 467851;
536448 522118 522118 522118;
591616 576965 576965 576965;
643584 632053 632053 632053;
701952 684801 684801 684801;
760192 741764 741764 741764;
813952 799685 799685 799685;
869760 854485 854485 854485;
923392 910041 910041 910041;
984448 964154 964154 964154;
1043456 1023474 1023474 1023474;
1097344 1082560 1082560 1082560;
1151744 1137748 1137748 1137748;
1205504 1192345 1192345 1192345;
1263360 1246314 1246314 1246314;
1321600 1303198 1303198 1303198;
1388416 1361099 1361099 1361099;
NaN  1425686 1425686 1425686;
];

% Trial: 1
x_1=[
];
%% ----------------------------

%% ----------------------------
%% 10 Nov 2017 10:43:07am
fs = 44100;
numTappers = 4;

% Trial: 0
x_0 = [
NaN  22050 22050 22050;
NaN  66150 66150 66150;
NaN  110250 110250 110250;
NaN  154350 154350 154350;
201216 198450 198450 198450;
242176 244576 244174 244785;
287616 286466 287082 286923;
328192 331295 331355 332230;
373248 372970 373448 372855;
412032 416994 417932 417318;
456704 456829 457101 457102;
496896 500579 501063 500413;
539136 541751 541914 541880;
578048 584231 584270 583747;
620032 623288 623591 623608;
657408 665608 664564 665084;
696448 703017 703042 702772;
737408 742044 742104 742496;
777344 783212 782196 782723;
817024 822529 823468 822278;
859648 861925 862948 862407;
897280 904818 904263 904038;
937472 943173 942770 943668;
977536 982604 982669 982063;
1016832 1022882 1023230 1023241;
1056512 1062688 1061552 1062086;
1097728 1101900 1102201 1102708;
1139712 1143067 1142966 1143421;
1179136 1184502 1184758 1185207;
1219712 1224987 1224365 1224571;
1259648 1263936 1265691 1265585;
1299328 1305176 1305347 1305375;
1336832 1345347 1344256 1344679;
1376512 1383335 1382639 1382472;
1414272 1422333 1422358 1422894;
1455104 1460279 1460465 1460228;
1492096 1500487 1500680 1500644;
];
%% ----------------------------
%% 10 Nov 2017 11:31:13am
fs = 44100;
numTappers = 4;

% Trial: 0
x_0 = [
];
%% ----------------------------

%% ----------------------------
%% 10 Nov 2017 11:34:07am
fs = 44100;
numTappers = 4;

% Trial: 0
x_0 = [
%% ----------------------------
%% 10 Nov 2017 12:00:32pm
fs = 44100;
numTappers = 4;

% Trial: 0
x_0 = [
%% ----------------------------
%% 10 Nov 2017 12:02:08pm
fs = 44100;
numTappers = 4;

% Trial: 0
x_0 = [
NaN  22050 22050 22050;
NaN  66150 66150 66150;
NaN  110250 110250 110250;
NaN  154350 154350 154350;
NaN  198450 198450 198450;
NaN  242550 242550 242550;
];

% Trial: 1
x_1=[
NaN  44100 44100 44100;
];

% Trial: 2
x_2=[
NaN  44100 44100 44100;
];

% Trial: 3
x_3=[
NaN  44100 44100 44100;
NaN  88200 88200 88200;
];

% Trial: 4
x_4=[
%% ----------------------------
%% 10 Nov 2017 12:34:10pm
fs = 44100;
numTappers = 4;

% Trial: 0
x_0 = [
NaN  22050 22050 22050;
];

% Trial: 1
x_1=[
%% ----------------------------
%% 10 Nov 2017 12:47:10pm
fs = 44100;
numTappers = 4;

% Trial: 0
x_0 = [
];
%% ----------------------------

%% ----------------------------
%% 10 Nov 2017 12:49:21pm
fs = 44100;
numTappers = 4;

% Trial: 0
x_0 = [
];
%% ----------------------------

%% ----------------------------
%% 10 Nov 2017 12:49:48pm
fs = 44100;
numTappers = 4;

% Trial: 0
x_0 = [
];
%% ----------------------------

%% ----------------------------
%% 10 Nov 2017 12:51:37pm
fs = 44100;
numTappers = 4;

% Trial: 0
x_0 = [
];
%% ----------------------------

%% ----------------------------
%% 11 Nov 2017 12:03:04am
fs = 44100;
numTappers = 4;

% Trial: 0
x_0 = [
];
%% ----------------------------

%% ----------------------------
%% 11 Nov 2017 12:06:59am
fs = 44100;
numTappers = 4;

% Trial: 0
x_0 = [
%% ----------------------------
%% 11 Nov 2017 12:07:54am
fs = 44100;
numTappers = 4;

% Trial: 0
x_0 = [
];
%% ----------------------------

%% ----------------------------
%% 11 Nov 2017 12:12:30am
fs = 44100;
numTappers = 4;

% Trial: 0
x_0 = [
];
%% ----------------------------

%% ----------------------------
%% 11 Nov 2017 12:33:13am
fs = 44100;
numTappers = 4;

% Trial: 0
x_0 = [
];
%% ----------------------------

%% ----------------------------
%% 11 Nov 2017 12:34:18am
fs = 44100;
numTappers = 4;

% Trial: 0
x_0 = [
];
%% ----------------------------

%% ----------------------------
%% 11 Nov 2017 12:35:17am
fs = 44100;
numTappers = 4;

% Trial: 0
x_0 = [
];
%% ----------------------------

%% ----------------------------
%% 11 Nov 2017 12:36:48am
fs = 44100;
numTappers = 4;

% Trial: 0
x_0 = [
];
%% ----------------------------

%% ----------------------------
%% 11 Nov 2017 12:38:14am
fs = 44100;
numTappers = 4;

% Trial: 0
x_0 = [
%% ----------------------------
%% 11 Nov 2017 12:45:19am
fs = 44100;
numTappers = 4;

% Trial: 0
x_0 = [
];
%% ----------------------------

%% ----------------------------
%% 11 Nov 2017 12:46:44am
fs = 44100;
numTappers = 4;

% Trial: 0
x_0 = [
%% ----------------------------
%% 11 Nov 2017 12:47:24am
fs = 44100;
numTappers = 4;

% Trial: 0
x_0 = [
];
%% ----------------------------

%% ----------------------------
%% 11 Nov 2017 12:48:45am
fs = 44100;
numTappers = 4;

% Trial: 0
x_0 = [
];
%% ----------------------------

%% ----------------------------
%% 11 Nov 2017 12:49:52am
fs = 44100;
numTappers = 4;

% Trial: 0
x_0 = [
%% ----------------------------
%% 11 Nov 2017 12:52:00am
fs = 44100;
numTappers = 4;

% Trial: 0
x_0 = [
];
%% ----------------------------

%% ----------------------------
%% 11 Nov 2017 12:52:55am
fs = 44100;
numTappers = 4;

% Trial: 0
x_0 = [
];
%% ----------------------------

