%% ----------------------------
%% 23 Nov 2017 11:25:27am
fs = 44100;
numTappers = 4;

% Trial: 0
x_0 = [
NaN  22050 22050 22050;
NaN  44100 44100 44100;
NaN  66150 66150 66150;
NaN  88200 88200 88200;
113152 110250 110250 110250;
135424 134346 134162 134578;
157056 157981 157154 156860;
182016 179220 179592 179473;
203264 203296 203148 202829;
224768 225846 225229 225470;
247680 246337 246393 246388;
268032 269884 269729 269603;
286336 290171 289966 290339;
308480 309350 309191 309333;
326144 330315 331894 331169;
345216 349469 349308 349290;
364288 368832 367865 367974;
382592 387442 388097 387071;
401024 405650 406133 405355;
419712 424314 424454 424184;
437760 443936 442811 443229;
457472 460880 460931 460878;
474496 481081 480491 480728;
493184 498500 498518 497853;
514688 516507 516235 516180;
534144 536809 536788 537322;
560512 556588 556904 556682;
581760 581706 581568 581839;
610048 603547 603791 604154;
629120 630785 630242 631431;
656384 651160 652229 651284;
682368 677869 676987 678035;
710400 703651 703522 703295;
738176 730740 730860 730474;
763264 757815 758123 759085;
792064 784669 783538 784132;
815616 811619 812350 812812;
NaN  836861 837824 836266;
];

% Trial: 1
x_1=[
];
%% ----------------------------

%% ----------------------------
%% 24 Nov 2017 3:19:09pm
fs = 44100;
numTappers = 4;

% Trial: 0
x_0 = [
];
%% ----------------------------

%% ----------------------------
%% 24 Nov 2017 3:20:48pm
fs = 44100;
numTappers = 4;

% Trial: 0
x_0 = [
];
%% ----------------------------

%% ----------------------------
%% 25 Nov 2017 9:45:55am
fs = 44100;
numTappers = 4;

% Trial: 0
x_0 = [
NaN  22050 22050 22050;
NaN  44100 44100 44100;
NaN  66150 66150 66150;
NaN  88200 88200 88200;
NaN  110250 110250 110250;
NaN  132300 132300 132300;
NaN  154350 154350 154350;
NaN  176400 176400 176400;
NaN  198450 198450 198450;
NaN  220500 220500 220500;
NaN  242550 242550 242550;
];

% Trial: 1
x_1=[
];
%% ----------------------------

%% ----------------------------
%% 25 Nov 2017 9:46:46am
fs = 44100;
numTappers = 4;

% Trial: 0
x_0 = [
NaN  22050 22050 22050;
NaN  44100 44100 44100;
NaN  66150 66150 66150;
NaN  88200 88200 88200;
NaN  110250 110250 110250;
NaN  132300 132300 132300;
NaN  154350 154350 154350;
NaN  176400 176400 176400;
NaN  198450 198450 198450;
NaN  220500 220500 220500;
NaN  242550 242550 242550;
NaN  264600 264600 264600;
];

% Trial: 1
x_1=[
];
%% ----------------------------

%% ----------------------------
%% 27 Nov 2017 4:12:37pm
fs = 44100;
numTappers = 4;

% Trial: 0
x_0 = [
NaN  22050 22050 22050;
NaN  44100 44100 44100;
NaN  66150 66150 66150;
NaN  88200 88200 88200;
NaN  110250 110250 110250;
NaN  132300 132300 132300;
NaN  154350 154350 154350;
NaN  176400 176400 176400;
NaN  198450 198450 198450;
NaN  220500 220500 220500;
NaN  242550 242550 242550;
NaN  264600 264600 264600;
NaN  286650 286650 286650;
NaN  308700 308700 308700;
NaN  330750 330750 330750;
NaN  352800 352800 352800;
NaN  374850 374850 374850;
NaN  396900 396900 396900;
NaN  418950 418950 418950;
NaN  441000 441000 441000;
NaN  463050 463050 463050;
NaN  485100 485100 485100;
NaN  507150 507150 507150;
NaN  529200 529200 529200;
NaN  551250 551250 551250;
NaN  573300 573300 573300;
NaN  595350 595350 595350;
NaN  617400 617400 617400;
NaN  639450 639450 639450;
NaN  661500 661500 661500;
NaN  683550 683550 683550;
NaN  705600 705600 705600;
NaN  727650 727650 727650;
NaN  749700 749700 749700;
NaN  771750 771750 771750;
NaN  793800 793800 793800;
NaN  815850 815850 815850;
NaN  837900 837900 837900;
NaN  859950 859950 859950;
NaN  882000 882000 882000;
NaN  904050 904050 904050;
NaN  926100 926100 926100;
NaN  948150 948150 948150;
NaN  970200 970200 970200;
NaN  992250 992250 992250;
NaN  1014300 1014300 1014300;
NaN  1036350 1036350 1036350;
NaN  1058400 1058400 1058400;
NaN  1080450 1080450 1080450;
NaN  1102500 1102500 1102500;
NaN  1124550 1124550 1124550;
NaN  1146600 1146600 1146600;
NaN  1168650 1168650 1168650;
NaN  1190700 1190700 1190700;
NaN  1212750 1212750 1212750;
NaN  1234800 1234800 1234800;
NaN  1256850 1256850 1256850;
NaN  1278900 1278900 1278900;
NaN  1300950 1300950 1300950;
NaN  1323000 1323000 1323000;
NaN  1345050 1345050 1345050;
NaN  1367100 1367100 1367100;
NaN  1389150 1389150 1389150;
NaN  1411200 1411200 1411200;
NaN  1433250 1433250 1433250;
NaN  1455300 1455300 1455300;
NaN  1477350 1477350 1477350;
NaN  1499400 1499400 1499400;
NaN  1521450 1521450 1521450;
NaN  1543500 1543500 1543500;
NaN  1565550 1565550 1565550;
NaN  1587600 1587600 1587600;
NaN  1609650 1609650 1609650;
NaN  1631700 1631700 1631700;
NaN  1653750 1653750 1653750;
NaN  1675800 1675800 1675800;
NaN  1697850 1697850 1697850;
NaN  1719900 1719900 1719900;
NaN  1741950 1741950 1741950;
NaN  1764000 1764000 1764000;
NaN  1786050 1786050 1786050;
NaN  1808100 1808100 1808100;
NaN  1830150 1830150 1830150;
NaN  1852200 1852200 1852200;
NaN  1874250 1874250 1874250;
NaN  1896300 1896300 1896300;
NaN  1918350 1918350 1918350;
NaN  1940400 1940400 1940400;
NaN  1962450 1962450 1962450;
NaN  1984500 1984500 1984500;
NaN  2006550 2006550 2006550;
NaN  2028600 2028600 2028600;
NaN  2050650 2050650 2050650;
NaN  2072700 2072700 2072700;
NaN  2094750 2094750 2094750;
NaN  2116800 2116800 2116800;
NaN  2138850 2138850 2138850;
NaN  2160900 2160900 2160900;
NaN  2182950 2182950 2182950;
NaN  2205000 2205000 2205000;
NaN  2227050 2227050 2227050;
NaN  2249100 2249100 2249100;
NaN  2271150 2271150 2271150;
NaN  2293200 2293200 2293200;
];
%% ----------------------------

%% ----------------------------
%% 4 Dec 2017 4:44:49pm
fs = 44100;
numTappers = 4;

% Trial: 0
x_0 = [
];
%% ----------------------------

