%% ----------------------------
%% 3 Nov 2017 2:02:19pm
fs = 44100;
numTappers = 4;

% Trial: 0
x_0 = [
NaN  44100 44100 44100;
NaN  88200 88200 88200;
NaN  132300 132300 132300;
NaN  176400 176400 176400;
NaN  220500 220500 220500;
NaN  264600 264600 264600;
NaN  308700 308700 308700;
NaN  352800 352800 352800;
NaN  396900 396900 396900;
413952 441000 441000 441000;
456960 617400 617400 617400;
625920 642096 642096 642096;
NaN  686280 686280 686280;
688896 722400 722400 722400;
747136 751680 751680 751680;
778496 793092 793092 793092;
803456 836560 836560 836560;
845312 883248 883248 883248;
889344 909084 909084 909084;
950272 955016 955016 955016;
NaN  992670 992670 992670;
];

% Trial: 1
x_1=[
];
%% ----------------------------

%% ----------------------------
%% 3 Nov 2017 4:06:00pm
fs = 44100;
numTappers = 4;

% Trial: 0
x_0 = [
NaN  44100 44100 44100;
NaN  88200 88200 88200;
NaN  132300 132300 132300;
NaN  176400 176400 176400;
NaN  220500 220500 220500;
231936 264600 264600 264600;
279680 330750 330750 330750;
332160 360984 360984 360984;
388992 389865 389865 389865;
NaN  415632 415632 415632;
NaN  445320 445320 445320;
452608 475008 475008 475008;
503680 509952 509952 509952;
NaN  559300 559300 559300;
559360 592200 592200 592200;
614400 619020 619020 619020;
];

% Trial: 1
x_1=[
%% ----------------------------
%% 3 Nov 2017 4:07:19pm
fs = 44100;
numTappers = 4;

% Trial: 0
x_0 = [
NaN  44100 44100 44100;
NaN  88200 88200 88200;
NaN  132300 132300 132300;
146944 176400 176400 176400;
NaN  220500 220500 220500;
NaN  264600 264600 264600;
NaN  308700 308700 308700;
317824 352800 352800 352800;
NaN  404558 404558 404558;
NaN  441336 441336 441336;
NaN  478114 478114 478114;
NaN  514892 514892 514892;
NaN  551670 551670 551670;
NaN  588448 588448 588448;
609664 625226 625226 625226;
];

% Trial: 1
x_1=[
];

% Trial: 2
x_2=[
];

% Trial: 3
x_3=[
];

% Trial: 4
x_4=[
%% ----------------------------
%% 3 Nov 2017 4:20:13pm
fs = 44100;
numTappers = 4;

% Trial: 0
x_0 = [
%% ----------------------------
%% 3 Nov 2017 4:24:37pm
fs = 44100;
numTappers = 4;

% Trial: 0
x_0 = [
NaN  44100 44100 44100;
NaN  88200 88200 88200;
NaN  132300 132300 132300;
NaN  176400 176400 176400;
NaN  220500 220500 220500;
];

% Trial: 1
x_1=[
%% ----------------------------
%% 3 Nov 2017 4:33:59pm
fs = 44100;
numTappers = 4;

% Trial: 0
x_0 = [
];
%% ----------------------------

%% ----------------------------
%% 3 Nov 2017 4:34:31pm
fs = 44100;
numTappers = 4;

% Trial: 0
x_0 = [
NaN  44100 44100 44100;
NaN  88200 88200 88200;
NaN  132300 132300 132300;
NaN  176400 176400 176400;
219008 220500 220500 220500;
NaN  264600 264600 264600;
NaN  308700 308700 308700;
NaN  352800 352800 352800;
NaN  396900 396900 396900;
];

% Trial: 1
x_1=[
