%% ----------------------------
%% 20 Oct 2017 9:01:19am
fs = 44100;
numTappers = 4;

% Trial: 0
x_0 = [
NaN  44100 44100 44100;
NaN  88200 88200 88200;
NaN  132300 132300 132300;
NaN  176400 176400 176400;
NaN  220500 220500 220500;
227456 264600 264600 264600;
NaN  297675 297675 297675;
305792 396900 396900 396900;
408064 431578 431578 431578;
445056 468139 468139 468139;
477952 499780 499780 499780;
509568 548570 548570 548570;
584960 594684 594684 594684;
632448 646200 646200 646200;
688896 697965 697965 697965;
742272 760608 760608 760608;
NaN  788239 788239 788239;
NaN  834606 834606 834606;
NaN  880973 880973 880973;
NaN  927340 927340 927340;
933376 973707 973707 973707;
975488 1084404 1084404 1084404;
];

% Trial: 1
x_1=[
];
%% ----------------------------

%% ----------------------------
%% 20 Oct 2017 9:09:04am
fs = 44100;
numTappers = 4;

% Trial: 0
x_0 = [
NaN  44100 44100 44100;
NaN  88200 88200 88200;
NaN  132300 132300 132300;
NaN  176400 176400 176400;
NaN  220500 220500 220500;
NaN  264600 264600 264600;
NaN  308700 308700 308700;
NaN  352800 352800 352800;
NaN  396900 396900 396900;
NaN  441000 441000 441000;
NaN  485100 485100 485100;
NaN  529200 529200 529200;
NaN  573300 573300 573300;
NaN  617400 617400 617400;
NaN  661500 661500 661500;
NaN  705600 705600 705600;
NaN  749700 749700 749700;
NaN  793800 793800 793800;
NaN  837900 837900 837900;
NaN  882000 882000 882000;
NaN  926100 926100 926100;
NaN  970200 970200 970200;
NaN  1014300 1014300 1014300;
NaN  1058400 1058400 1058400;
NaN  1102500 1102500 1102500;
NaN  1146600 1146600 1146600;
1150080 1190700 1190700 1190700;
NaN  1323000 1323000 1323000;
NaN  1653750 1653750 1653750;
];

% Trial: 1
x_1=[
];
%% ----------------------------

%% ----------------------------
%% 20 Oct 2017 9:13:15am
fs = 44100;
numTappers = 4;

% Trial: 0
x_0 = [
%% ----------------------------
%% 24 Oct 2017 3:02:01pm
fs = 44100;
numTappers = 4;

% Trial: 0
x_0 = [
];

% Trial: 1
x_1=[
];
%% ----------------------------

%% ----------------------------
%% 24 Oct 2017 3:04:48pm
fs = 44100;
numTappers = 4;

% Trial: 0
x_0 = [
NaN  44100 44100 44100;
NaN  88200 88200 88200;
NaN  132300 132300 132300;
NaN  176400 176400 176400;
NaN  220500 220500 220500;
NaN  264600 264600 264600;
NaN  308700 308700 308700;
NaN  352800 352800 352800;
NaN  396900 396900 396900;
NaN  441000 441000 441000;
NaN  485100 485100 485100;
NaN  529200 529200 529200;
NaN  573300 573300 573300;
NaN  617400 617400 617400;
NaN  661500 661500 661500;
NaN  705600 705600 705600;
NaN  749700 749700 749700;
NaN  793800 793800 793800;
NaN  837900 837900 837900;
NaN  882000 882000 882000;
NaN  926100 926100 926100;
NaN  970200 970200 970200;
NaN  1014300 1014300 1014300;
NaN  1058400 1058400 1058400;
NaN  1102500 1102500 1102500;
NaN  1146600 1146600 1146600;
NaN  1190700 1190700 1190700;
NaN  1234800 1234800 1234800;
NaN  1278900 1278900 1278900;
NaN  1323000 1323000 1323000;
NaN  1367100 1367100 1367100;
NaN  1411200 1411200 1411200;
NaN  1455300 1455300 1455300;
NaN  1499400 1499400 1499400;
NaN  1543500 1543500 1543500;
NaN  1587600 1587600 1587600;
NaN  1631700 1631700 1631700;
NaN  1675800 1675800 1675800;
];
%% ----------------------------

%% ----------------------------
%% 2 Nov 2017 1:50:54pm
fs = 44100;
numTappers = 4;

% Trial: 0
x_0 = [
NaN  44100 44100 44100;
NaN  88200 88200 88200;
NaN  132300 132300 132300;
NaN  176400 176400 176400;
NaN  220500 220500 220500;
NaN  264600 264600 264600;
NaN  308700 308700 308700;
NaN  352800 352800 352800;
NaN  396900 396900 396900;
NaN  441000 441000 441000;
NaN  485100 485100 485100;
488832 529200 529200 529200;
NaN  661500 661500 661500;
];

% Trial: 1
x_1=[
718848 793800 793800 793800;
];

% Trial: 2
x_2=[
NaN  859950 859950 859950;
NaN  882000 882000 882000;
NaN  926100 926100 926100;
NaN  948150 948150 948150;
949376 970200 970200 970200;
970880 1031875 1031875 1031875;
1040512 1062984 1062984 1062984;
1076736 1081642 1081642 1081642;
1096448 1106720 1106720 1106720;
1122944 1140524 1140524 1140524;
1147648 1157046 1157046 1157046;
1166592 1190025 1190025 1190025;
1209088 1219950 1219950 1219950;
1234304 1255860 1255860 1255860;
1260416 1287780 1287780 1287780;
];

% Trial: 3
x_3=[
